0.1
0.01
0.001
0.0001
1e-05
1e-06
1e-07
1e-08
1e-09
1e-10

0.0365033
0.00354546
0.000314832
0.000400424
0.00218856
0.00814903
0.484986
5.25336
58.8975
595.339

10.0017
100
1000
10000
100000
1e+06
1e+07
1e+08
1e+09
1e+10

1.37771
1.41066
1.41378
1.41402
1.41044
1.36276
0.707107
5.25336
58.8975
595.339

9.00167
99
999
9999
99999
999999
1e+07
1e+08
1e+09
1e+10

0.00117767
1.38879e-05
1.29938e-05
0.000102401
0.000791669
0.00814903
0.186963
0.707107
0.707107
0.707107

13.9998
149
1499
14999
149999
1.5e+06
1.5e+07
1.5e+08
1.5e+09
1.5e+10

0.000249431
2.08059e-06
4.62378e-05
9.99126e-05
9.91264e-06
9.13079e-07
1.84611e-08
2.15069e-08
4.00378e-07
4.39718e-06

