0.1
0.01
0.001
0.0001
1e-05
1e-06
1e-07
1e-08
1e-09
1e-10

0.0365038
0.00354729
0.000353671
3.53565e-05
3.53555e-06
3.53553e-07
3.69178e-08
8.05198e-09
7.46654e-08
1.85688e-07

10.0017
100
1000
10000
100000
1e+06
1e+07
1e+08
1e+09
1e+10

1.37771
1.41067
1.41386
1.41418
1.41421
1.41421
1.41421
1.41421
1.41421
1.41421

9.00167
99
999
9999
99999
999999
1e+07
1e+08
1e+09
1e+10

0.00117792
1.17851e-05
1.17851e-07
1.17859e-09
1.39637e-11
5.26497e-11
8.35529e-10
3.05025e-09
1.91542e-08
3.69424e-07

13.9998
149
1499
14999
149999
1.5e+06
1.5e+07
1.5e+08
1.5e+09
1.5e+10

0.000249584
2.49996e-07
2.50022e-10
6.12323e-17
6.12323e-17
6.12323e-17
6.12323e-17
6.12323e-17
6.12323e-17
6.12323e-17

